# oST version 5.0 parameters


[image]

width
640

height
480

[pgr_camera]

camera matrix
570.737644 0.000000 331.007628
0.000000 571.241228 267.752553
0.000000 0.000000 1.000000

distortion
-0.334734 0.330191 0.001120 -0.000554 0.000000

rectification
1.000000 0.000000 0.000000
0.000000 1.000000 0.000000
0.000000 0.000000 1.000000

projection
525.725098 0.000000 330.518741 0.000000
0.000000 538.809631 270.108339 0.000000
0.000000 0.000000 1.000000 0.000000

