# oST version 5.0 parameters


[image]

width
640

height
480

[narrow_stereo/left]

camera matrix
2484.749449 0.000000 294.245498
0.000000 2415.526775 216.443756
0.000000 0.000000 1.000000

distortion
-14.120624 155.746468 -0.067763 0.026812 0.000000

rectification
1.000000 0.000000 0.000000
0.000000 1.000000 0.000000
0.000000 0.000000 1.000000

projection
1790.874756 0.000000 293.432284 0.000000
0.000000 1929.973145 193.568252 0.000000
0.000000 0.000000 1.000000 0.000000

