# oST version 5.0 parameters


[image]

width
640

height
480

[pgr_camera]

camera matrix
335.560269 0.000000 312.137326
0.000000 334.657409 240.897743
0.000000 0.000000 1.000000

distortion
-0.272753 0.051864 -0.001219 0.000609 0.000000

rectification
1.000000 0.000000 0.000000
0.000000 1.000000 0.000000
0.000000 0.000000 1.000000

projection
224.826950 0.000000 314.174659 0.000000
0.000000 274.937714 239.475105 0.000000
0.000000 0.000000 1.000000 0.000000

